name: xgboost
type: points_for

params:
  objective: "reg:squarederror"
  n_estimators: 500
  learning_rate: 0.014914904454111767
  max_depth: 3
  subsample: 0.8181297711433825
  colsample_bytree: 0.9834413314527001
  random_state: 42
